--- ./ReactAndroid/gradle.properties	2021-10-22 20:21:02.000000000 -0700
+++ /var/folders/vs/8_b205053dddbcv7btj0w0v80000gn/T/update-Ge4Sm3/merge/Build/ReactAndroid/gradle.properties	2021-10-25 12:22:45.000000000 -0700
@@ -16,7 +16,7 @@
 OKHTTP_VERSION=3.12.12
 SO_LOADER_VERSION=0.9.0
 
-BOOST_VERSION=1_63_0
+BOOST_VERSION=1_68_0
 DOUBLE_CONVERSION_VERSION=1.1.6
 FOLLY_VERSION=2020.01.13.00
 GLOG_VERSION=0.3.5
